image: iias_1F.pgm
resolution: 0.050000
origin: [-34.677374, -23.023041, 0.000000]
negate: 0
occupied_thresh: 0.65
free_thresh: 0.196

