image: iias_2f.pgm
resolution: 0.050000
origin: [-34.495227, -51.300000, 0.000000]
negate: 0
occupied_thresh: 0.65
free_thresh: 0.196

