image: iias_out_for_costmap.pgm
resolution: 0.050000
origin: [-24.456204, -22.837286, 0.000000]
negate: 0
occupied_thresh: 0.65
free_thresh: 0.196

